18 19 37 
19 20 37 
0 1 73 
1 2 73 
17 72 73 
31 41 48 
31 40 41 
2 3 73 
0 1 36 
38 40 41 
38 39 40 
3 4 73 
1 2 41 
1 36 41 
4 5 70 
4 70 73 
2 3 48 
34 35 52 
33 34 52 
69 70 74 
6 69 70 
3 4 48 
5 48 59 
5 6 59 
5 6 70 
4 5 48 
10 11 55 
11 54 55 
27 28 39 
21 27 39 
6 7 69 
6 7 58 
30 34 35 
29 30 35 
9 69 75 
8 9 69 
7 8 69 
7 8 57 
10 71 75 
10 11 71 
9 10 75 
8 9 56 
9 10 56 
14 46 54 
14 15 46 
12 71 77 
11 12 71 
29 30 31 
29 31 40 
12 13 77 
11 12 54 
2 41 48 
13 14 77 
12 13 54 
17 18 36 
18 36 37 
14 68 77 
13 14 54 
16 68 77 
15 16 68 
14 15 68 
0 17 36 
16 77 78 
16 26 78 
15 16 45 
22 42 43 
22 23 43 
0 17 73 
37 38 41 
17 18 72 
29 35 42 
18 19 72 
22 27 42 
19 20 79 
19 72 79 
21 22 27 
20 21 22 
20 21 38 
35 42 47 
28 29 42 
27 28 42 
20 22 23 
20 23 79 
25 44 45 
24 25 44 
23 24 43 
23 24 79 
24 25 79 
25 78 79 
25 26 78 
16 26 45 
25 26 45 
54 55 64 
31 49 50 
31 49 60 
28 29 39 
33 50 51 
33 51 52 
31 32 50 
7 57 58 
49 59 60 
49 59 61 
30 31 32 
8 56 57 
30 32 33 
32 33 50 
30 33 34 
35 54 64 
35 46 54 
43 46 47 
43 44 46 
29 39 40 
36 37 41 
20 37 38 
21 38 39 
44 45 46 
24 43 44 
42 43 47 
15 45 46 
35 46 47 
31 48 60 
61 62 67 
62 66 67 
49 50 61 
51 61 62 
50 51 61 
55 56 65 
55 63 65 
51 52 63 
35 52 53 
52 53 63 
53 55 63 
35 53 64 
53 55 64 
10 55 56 
51 62 63 
59 61 67 
56 57 66 
57 58 66 
6 58 59 
48 59 60 
58 59 67 
58 66 67 
56 65 66 
62 63 65 
62 65 66 
69 74 75 
71 75 76 
